0.0
3.044
11.088
21.632
24.268
27.312
30.084
35.492
38.128
50.9
54.216
59.76
62.26
70.44
73.076
78.484
89.844
96.34
102.292
105.2
107.972
113.516
116.288
118.924
121.832
134.604
137.24
139.74
143.6
146.1
154.688
157.324
168.276
178.684
181.184
183.684
188.956
191.456
201.864
207.136
209.772
214.908
218.496
223.632
228.768
231.268
234.04
244.176
246.676
251.676
257.628
262.628
265.264
273.444
276.08
278.716
281.352
289.124
294.396
302.984
305.484
311.028
313.528
318.936
334.752
342.66
345.568
348.34
350.976
359.02
361.52
366.928
375.108
377.88
380.652
383.696
395.056
400.192
405.464
410.6
413.1
415.736
418.644
423.644
426.144
428.916
434.46
447.776
461.228
474.952
483.268
485.768
490.768
495.904
498.404
503.54
506.04
508.54
526.992
534.764
537.264
547.4
561.532
566.804
569.576
575.12
577.892
580.392
583.3
588.572
591.072
599.796
605.204
610.204
612.704
615.204
618.112
623.52
628.52
636.564
642.244
