0.0
5.544
8.044
20.816
23.724
28.724
34.54
39.948
43.128
45.628
50.628
62.124
69.896
72.668
75.168
77.94
89.028
92.48
94.98
97.48
102.616
118.84
131.884
135.064
137.564
140.064
142.564
150.472
153.108
163.516
174.468
177.104
180.148
185.148
187.92
198.056
203.328
205.828
208.464
210.964
213.6
218.736
224.144
226.916
229.688
240.096
242.868
248.684
254.092
256.728
259.5
262.0
269.908
272.68
275.18
277.952
285.996
291.132
298.904
306.948
309.856
314.992
331.352
339.532
342.44
345.212
347.848
355.484
357.984
363.12
370.62
373.256
375.756
378.256
389.616
394.616
399.752
404.752
408.204
411.52
414.02
419.972
422.608
425.108
430.108
444.92
447.42
459.052
464.596
481.228
484.136
489.544
494.952
497.452
502.724
505.224
507.724
523.948
526.72
534.764
537.264
548.488
562.076
567.212
569.712
575.528
578.164
581.072
583.708
586.344
594.252
599.932
602.432
608.112
616.156
618.928
624.064
629.336
631.836
636.836
