2.658
5.316
7.566
9.816
12.202
26.79
29.448
31.698
34.22
36.47
41.514
51.466
53.852
56.102
58.624
61.418
68.576
77.848
80.098
84.598
86.848
89.234
91.484
95.984
103.142
105.664
110.3
112.686
114.936
117.322
119.708
124.752
127.274
134.704
137.226
141.726
143.976
146.226
148.748
156.45
161.358
163.744
166.13
171.31
180.854
185.49
187.74
192.24
194.626
206.148
210.92
213.306
215.556
220.192
222.714
225.1
227.622
233.074
235.596
237.846
242.754
245.004
247.39
249.64
254.548
261.842
267.294
269.68
272.066
276.838
284.268
286.79
289.312
291.562
298.72
