onset
2000
8000
14000
24000
34000
42000
50000
58000
66000
74000
82000
90000
100000
106000
116000
122000
132000
140000
148000
158000
164000
172000
180000
188000
198000
204000
212000
218000
226000
232000
242000
250000
258000
268000
278000
288000
296000
306000
316000
324000
330000
338000
346000
352000
358000
364000
370000
378000
386000
392000
398000
406000
412000
422000
432000
440000
448000
458000
466000
474000
480000
486000
492000
500000
508000
516000
526000
534000
542000
550000
558000
566000
572000
580000
586000
594000
604000
612000
622000
630000
636000
646000
654000
