onset
2000
10000
16000
26000
36000
44000
50000
56000
62000
70000
80000
90000
98000
104000
110000
116000
124000
132000
140000
148000
156000
164000
172000
178000
188000
198000
204000
212000
220000
226000
234000
244000
252000
258000
266000
274000
284000
290000
298000
308000
316000
324000
332000
342000
348000
356000
366000
372000
380000
388000
398000
404000
414000
422000
430000
438000
444000
452000
462000
472000
478000
486000
496000
506000
514000
522000
530000
538000
544000
552000
560000
568000
574000
580000
588000
594000
604000
610000
620000
628000
638000
646000
654000
