0.0
4.408
8.544
17.36
21.496
25.632
30.448
39.536
45.848
50.256
54.664
64.704
94.88
103.968
112.104
116.104
120.24
124.24
132.512
140.648
145.192
157.736
166.144
170.144
178.552
182.552
186.552
190.96
199.64
203.64
208.048
212.184
216.184
237.0
241.68
249.816
258.496
262.496
268.672
273.624
277.896
290.576
295.256
299.392
312.072
320.072
324.616
332.752
342.248
346.248
362.928
379.608
388.832
397.376
402.056
406.328
414.464
423.008
427.144
436.776
441.048
445.048
449.048
461.456
466.136
491.904
496.448
500.584
509.672
514.08
519.304
523.44
536.8
540.8
545.072
562.704
572.336
585.152
594.24
598.24
607.736
615.872
619.872
631.872
636.416
668.632
673.04
677.04
681.72
689.72
