onset
2000
10000
18000
28000
34000
42000
48000
54000
62000
72000
78000
86000
96000
104000
114000
122000
132000
138000
148000
154000
162000
170000
178000
184000
192000
202000
208000
214000
222000
228000
238000
246000
252000
260000
266000
276000
282000
290000
298000
306000
312000
320000
328000
336000
346000
356000
364000
372000
382000
390000
396000
404000
412000
418000
424000
432000
440000
448000
456000
466000
474000
482000
492000
500000
506000
514000
524000
532000
540000
546000
554000
564000
570000
578000
588000
596000
604000
612000
622000
632000
642000
648000
654000
