onset
2000
10000
18000
26000
36000
46000
56000
64000
70000
78000
88000
98000
106000
112000
118000
126000
136000
142000
150000
158000
168000
176000
186000
194000
202000
208000
214000
222000
230000
238000
246000
256000
266000
274000
284000
290000
298000
306000
314000
322000
330000
336000
342000
348000
358000
368000
374000
382000
388000
394000
400000
408000
416000
424000
434000
440000
446000
452000
460000
470000
476000
484000
494000
502000
512000
520000
528000
536000
546000
554000
562000
568000
578000
584000
592000
600000
606000
614000
622000
630000
640000
646000
654000
