onset
2000
8000
14000
24000
30000
40000
48000
56000
64000
70000
80000
88000
94000
102000
110000
116000
122000
132000
140000
146000
154000
162000
170000
176000
184000
194000
202000
210000
220000
228000
234000
242000
248000
254000
262000
270000
278000
286000
294000
304000
312000
322000
328000
336000
346000
354000
362000
370000
380000
386000
394000
404000
414000
424000
430000
436000
442000
450000
456000
466000
474000
484000
492000
500000
508000
516000
526000
534000
542000
550000
556000
566000
576000
586000
594000
600000
608000
618000
626000
632000
638000
646000
654000
