onset
2000
10000
18000
26000
32000
40000
50000
60000
70000
78000
88000
98000
106000
114000
122000
130000
140000
148000
158000
166000
174000
182000
192000
202000
212000
220000
228000
236000
246000
252000
258000
266000
274000
282000
290000
296000
304000
310000
318000
324000
330000
338000
344000
350000
360000
370000
378000
386000
392000
402000
408000
414000
420000
428000
436000
444000
450000
460000
466000
474000
482000
488000
494000
504000
514000
522000
528000
536000
544000
552000
562000
568000
576000
582000
590000
598000
604000
610000
618000
628000
636000
644000
654000
