8.544
21.088
25.088
29.088
38.584
42.992
46.992
51.4
60.08
90.664
99.48
108.704
112.84
116.976
121.248
129.52
138.608
142.744
155.56
166.552
170.688
178.96
182.96
186.96
191.368
200.048
204.32
208.32
213.0
217.0
239.856
243.992
252.4
261.352
265.352
269.352
273.896
279.256
291.8
297.16
301.432
314.656
322.792
326.928
335.608
343.88
348.56
367.96
380.096
384.368
393.728
401.864
406.0
410.136
419.088
427.224
431.36
439.496
443.496
447.768
452.448
464.72
468.856
495.984
499.984
504.664
513.752
518.16
522.432
526.432
540.064
544.472
549.56
565.696
574.512
588.552
596.824
600.824
608.96
617.64
622.048
634.456
638.456
669.04
673.176
677.448
681.584
689.856
