# 4 Runs (slices), 48 Trials (rows) in each run and 3 randomised durations - onset, delay and ITI (in columns).

# Run 1 (slice 1)
799     6035    3859   
509     7700    6839   
618     5629    6062   
722     6504    4313   
505     6583    6656   
994     4698    4350   
701     5646    7030   
731     4629    6218   
583     5216    3773   
801     6875    5080   
505     5047    5040   
960     5604    3812   
885     5168    5625   
601     7911    7067   
562     6695    5125   
687     7864    4378   
739     6009    6996   
773     4879    5878   
621     7988    7463   
543     6742    4774   
954     6206    7361   
674     6347    4451   
513     4904    4128   
986     5433    6161   
632     5148    7325   
613     7882    6428   
938     7215    7036   
807     5503    5846   
766     7407    4940   
780     4881    4220   
848     7788    4472   
800     4751    5337   
745     6031    3898   
658     4886    4807   
684     5690    6094   
604     6379    4194   
869     7519    7391   
699     5070    3665   
784     7480    4919   
725     4977    4156   
500     6595    5791   
504     4242    6788   
997     7475    3522   
702     7984    3551   
988     5543    5132   
938     7436    6579   
915     6755    6788   
693     7299    6193   

# Run 2 (slice 2)
933     7326    5680   
522     7397    3886   
645     5003    5093   
523     4819    5377   
717     4607    5397   
793     5355    3508   
582     5976    6144   
536     6173    5148   
923     7965    4746   
884     4366    3686   
572     4824    4677   
978     7962    4918   
858     6005    3751   
957     6703    3850   
542     5559    6790   
749     5159    5996   
632     5293    5322   
521     6968    6895   
653     6663    5531   
949     5713    6049   
800     6027    6187   
826     7624    7174   
928     7217    6045   
658     5651    4661   
716     6389    5786   
801     5282    6558   
978     4629    6942   
887     5501    3865   
822     7840    6471   
847     4781    5044   
870     7925    5803   
599     7382    6928   
627     4034    6922   
982     5431    5918   
920     6842    7338   
841     7527    7110   
864     6647    4909   
897     4460    6565   
914     5709    5394   
956     4347    4724   
535     7926    5584   
980     6339    6529   
768     4127    7291   
933     5851    6534   
783     5946    7305   
834     6391    3714   
810     5315    4225   
588     4141    3858   

# Run 3 (slice 3)
953     5568    6360   
599     7022    6781   
989     5911    6888   
785     6295    5925   
528     6917    5136   
615     5958    6282   
850     4129    7360   
760     4649    6946   
817     7186    6821   
728     5382    3948   
801     5191    6777   
890     6419    6189   
744     5814    6967   
661     4880    4021   
956     4127    4633   
724     4315    3832   
792     5214    6653   
939     7048    6593   
715     5235    5907   
583     4314    4117   
525     4896    6545   
831     7645    6395   
910     7245    4017   
924     4130    6948   
736     7682    3949   
954     5381    6054   
735     5693    4647   
828     5108    5585   
951     4763    5475   
631     7740    5211   
507     6290    6180   
747     4238    5295   
757     5961    4584   
910     6151    4351   
898     4081    4688   
508     6432    3860   
886     6616    5992   
836     5760    4924   
825     4017    4819   
805     4814    4922   
768     7659    4570   
859     5336    6145   
999     4594    3588   
724     4170    4226   
839     5571    6898   
960     7637    7269   
511     4915    5375   
763     4239    5349   

# Run 4 (slice 4)
952     6346    6513   
986     6215    5938   
678     5652    6508   
560     7527    5140   
727     4300    4630   
708     5778    6668   
682     5895    6918   
826     6412    5735   
578     6559    6521   
520     5606    3613   
651     7324    5775   
636     5935    4224   
728     7108    5552   
605     4280    6085   
529     6336    6243   
694     5404    3843   
884     4913    6560   
652     6829    5757   
786     7813    5105   
799     4004    4442   
972     4099    4463   
524     6614    4394   
511     6824    6326   
555     7293    6373   
999     5588    5989   
531     7713    7087   
649     7814    7340   
848     4572    6686   
704     7679    6598   
954     4844    4292   
957     7064    5019   
955     7803    6357   
787     4542    6858   
531     4529    3579   
811     5667    4586   
552     7737    6224   
861     4825    4912   
742     5686    6793   
840     4375    4963   
755     5401    5450   
545     5772    4741   
525     7548    4448   
675     6659    7285   
815     7767    6568   
644     5892    6148   
533     7173    4970   
691     5516    4054   
586     5615    5724   
