0.0
2.772
5.272
8.044
10.544
24.132
31.768
37.312
42.856
50.492
69.216
71.716
88.62
93.892
99.028
101.528
104.028
109.708
113.432
116.068
118.568
131.612
134.248
136.748
139.248
141.748
149.248
151.748
162.292
174.468
176.968
179.74
185.012
187.784
198.328
203.872
206.372
209.008
211.508
219.824
222.596
225.096
227.732
230.368
242.136
244.908
250.044
257.084
260.4
262.9
266.08
271.352
273.852
276.352
278.988
281.896
289.94
295.212
302.848
310.892
313.8
319.072
334.616
342.388
345.024
347.66
350.568
355.976
358.884
361.656
366.792
374.292
376.928
380.108
382.88
390.788
393.288
398.424
403.424
409.104
411.74
414.24
416.74
421.74
424.24
426.74
431.74
445.056
447.828
459.188
464.596
480.276
483.048
488.456
494.408
496.908
502.044
504.544
524.22
526.72
534.764
537.4
547.536
560.852
565.852
568.488
574.848
577.348
580.392
582.892
585.392
593.028
598.844
601.48
607.432
615.204
617.976
623.248
631.564
637.38
