1.224
0.408
0.816
0.408
0.136
0.136
0.0
0.0
0.272
0.408
0.0
0.136
0.0
0.408
0.272
0.0
0.272
0.0
0.0
0.272
0.136
0.0
0.0
0.0
0.0
0.0
0.136
0.0
0.0
0.136
0.0
0.136
0.68
0.272
0.136
0.0
0.136
0.68
0.272
0.0
0.0
0.136
0.0
0.0
0.0
0.272
0.408
0.0
0.0
0.0
0.272
0.136
0.0
0.544
0.272
0.272
0.0
0.0
0.136
0.0
0.136
0.272
0.136
0.272
0.0
0.816
0.408
0.0
0.544
0.136
0.0
0.0
0.136
0.136
0.272
1.224
0.0
0.0
0.272
0.136
0.0
0.0
0.0
0.68
0.0
0.272
0.0
0.272
0.952
0.0
0.0
0.0
0.0
0.136
0.0
0.0
0.0
0.272
0.136
0.0
0.136
0.816
0.408
0.0
0.136
0.136
0.136
0.544
0.136
0.0
0.0
0.0
0.0
0.136
0.0
0.0
0.0
0.136
0.136
0.136
0.136
0.68
0.544
0.272
0.272
0.408
0.136
0.272
0.0
0.136
0.272
0.0
0.68
0.0
0.0
0.0
0.272
0.0
0.0
0.0
0.68
0.0
0.136
0.408
0.136
0.0
0.0
0.544
0.136
0.544
0.68
0.0
0.272
1.088
0.0
0.136
0.136
0.0
0.272
0.0
0.136
0.136
0.544
0.0
0.136
0.136
0.136
0.0
0.136
0.0
0.136
0.816
0.136
0.0
0.0
0.272
0.0
0.0
0.0
0.408
0.272
0.136
0.0
0.0
0.136
0.0
0.136
0.408
0.136
0.0
0.136
0.272
0.0
0.408
0.0
0.136
0.408
0.136
0.408
0.136
0.0
0.272
0.0
0.272
0.272
0.952
0.68
0.136
0.272
0.272
0.136
0.408
0.136
0.136
0.0
0.0
0.0
0.0
0.0
0.272
0.408
0.0
0.136
0.0
0.136
0.544
0.68
1.088
0.136
0.544
0.0
0.136
0.0
0.408
0.0
0.0
0.0
0.68
0.272
0.408
