2.908
6.224
9.132
11.768
22.176
25.084
27.584
32.72
35.628
40.9
46.172
48.672
54.08
56.58
61.58
69.216
74.216
81.988
85.168
93.076
95.712
98.892
101.664
106.664
119.572
122.48
129.98
132.752
137.888
143.704
154.112
156.612
162.02
164.656
169.928
184.332
186.832
197.376
206.1
208.872
211.508
224.688
227.46
229.96
238.684
243.684
251.32
253.82
259.092
261.728
264.228
266.864
270.18
275.588
278.224
286.54
289.176
291.676
294.176
299.176
301.812
311.948
314.584
319.856
334.532
339.94
350.348
353.528
358.528
363.8
366.3
368.8
371.3
379.616
390.16
393.204
402.064
407.336
410.924
413.424
418.696
426.468
429.104
431.74
437.284
442.556
445.192
447.692
450.328
458.78
466.416
471.688
474.188
476.688
479.596
485.004
490.004
492.64
495.14
497.776
503.32
505.82
508.456
513.728
516.636
521.772
524.68
527.316
530.224
532.86
540.632
543.404
563.624
595.12
600.256
603.3
606.48
620.884
623.384
626.292
633.792
